-11.748000
-0.360000
1.268000
-11.276000
-0.360000
1.268000
-10.424000
-0.360000
0.228000
-9.568000
-0.360000
1.268000
-9.092000
-0.360000
1.268000
-10.184000
-0.360000
-0.048000
-9.008000
-0.360000
-1.460000
-9.484000
-0.360000
-1.460000
-10.424000
-0.360000
-0.332000
-11.352000
-0.360000
-1.460000
-11.824000
-0.360000
-1.460000
-10.660000
-0.360000
-0.048000
-9.484000
0.373033
-1.460000
-10.424000
0.373033
-0.332000
-11.748000
0.373033
1.268000
-10.660000
0.373033
-0.048000
-9.568000
0.373033
1.268000
-10.184000
0.373033
-0.048000
-11.824000
0.373033
-1.460000
-9.008000
0.373033
-1.460000
-10.424000
0.373033
0.228000
-11.352000
0.373033
-1.460000
-9.092000
0.373033
1.268000
-11.276000
0.373033
1.268000
-0.620000
-0.380000
11.376000
1.116000
-0.380000
9.000000
-1.344000
-0.380000
9.000000
-1.344000
-0.380000
9.352000
0.392000
-0.380000
9.352000
-1.344000
-0.380000
11.728000
1.008000
-0.380000
11.728000
1.008000
-0.380000
11.376000
0.392000
0.384923
9.352000
-1.344000
0.384923
11.728000
-0.620000
0.384923
11.376000
-1.344000
0.384923
9.352000
1.116000
0.384923
9.000000
1.008000
0.384923
11.728000
1.008000
0.384923
11.376000
-1.344000
0.384923
9.000000
-0.250000
10.788000
0.104000
-0.250000
11.728000
-0.628000
-0.250000
11.728000
-1.100000
-0.250000
10.444000
-0.088000
-0.250000
9.000000
-0.088000
-0.250000
9.000000
0.304000
-0.250000
10.440000
0.304000
-0.250000
11.728000
1.316000
-0.250000
11.728000
0.844000
0.304321
9.000000
-0.088000
0.304321
9.000000
0.304000
0.304321
10.440000
0.304000
0.304321
10.444000
-0.088000
0.304321
11.728000
1.316000
0.304321
10.788000
0.104000
0.304321
11.728000
-0.628000
0.304321
11.728000
-1.100000
0.304321
11.728000
0.844000
0.500000
-0.500000
-0.500000
0.500000
0.500000
-0.500000
0.500000
-0.500000
0.500000
0.500000
0.500000
0.500000
-0.500000
-0.500000
-0.500000
-0.500000
0.500000
-0.500000
-0.500000
-0.500000
0.500000
-0.500000
0.500000
0.500000
-8.500000
0.500000
0.500000
-8.500000
-0.500000
0.500000
-8.500000
-0.500000
-0.500000
-8.500000
0.500000
-0.500000
0.500000
8.500000
-0.500000
0.500000
8.500000
0.500000
-0.500000
8.500000
0.500000
-0.500000
8.500000
-0.500000
0.500000
0.500000
8.500000
0.500000
-0.500000
8.500000
-0.500000
-0.500000
8.500000
-0.500000
0.500000
8.500000