1.815256
-4.427732
2.422537
1.436468
-3.824337
3.054422
0.848666
-4.067273
2.759964
2.261297
-3.379403
2.760020
2.494852
-3.885339
2.178465
2.515893
-3.160780
2.164831
1.465478
-1.984933
3.028410
1.507921
-4.435217
1.550134
0.541333
-4.074759
1.887562
2.187518
-3.892826
1.306063
1.638324
-3.394578
0.991640
2.208559
-3.168266
1.292429
0.813495
-3.839513
1.286041
0.842505
-2.000107
1.260029
0.618144
-1.317699
1.836834
1.569004
-1.659487
1.504787
-0.673641
-2.070262
2.298377
-0.277286
-2.657035
1.660161
-0.705712
-3.006588
2.317714
-0.366307
-2.062777
3.170779
-0.398380
-2.999103
3.190116
0.345687
-2.641860
3.428542
0.925477
-1.310212
2.709235
1.876337
-1.652001
2.377188
-0.746791
-4.570224
3.166065
-0.740115
-4.532210
2.288719
-0.416081
-4.525812
3.208261
-0.971122
-4.574656
2.529459
-1.614580
-4.646747
3.101294
-1.060366
-3.879086
2.556071
-0.763287
-3.757168
2.291495
-0.836035
-3.874655
3.192677
-0.439254
-3.750767
3.211037
-1.130018
-4.626427
3.725609
-0.746924
-3.972821
3.427027
-0.676534
-4.493893
3.379339
-0.212268
-4.572824
3.852454
0.220985
-4.545990
3.805625
0.216822
-3.694552
3.801171
-0.296992
-3.952110
3.877994
-0.622340
-3.711127
1.419794
-1.188845
-3.950119
1.727111
-1.062627
-4.552556
2.349495
-1.102616
-4.595783
1.701212
-0.618179
-4.562565
1.424247
-1.753096
-4.645183
2.407900
-1.152648
-3.981910
2.350742
0.410282
-3.344471
2.908849
0.086249
-3.350872
1.989309
2.050456
-3.512697
2.332049
2.252209
-3.707488
2.792448
0.117528
-4.651441
1.987329
0.441561
-4.645041
2.906870
2.453428
-3.822227
1.158431
1.726422
-3.519096
1.412508
2.777461
-3.815827
2.077972
1.928549
-4.640346
1.852710
1.620513
-4.520446
0.926652
1.595834
-3.720452
0.929787
2.636794
-4.511636
1.098609
2.276888
-4.507483
2.789314
2.960827
-4.505236
2.018151
-0.416830
0.446590
-3.114755
-0.367114
-0.136233
-3.259562
-0.822821
0.242090
-4.472674
-2.081225
0.867711
-4.194332
-2.191349
0.305391
-4.411803
-2.582566
-0.017379
-3.169251
-2.450700
0.571771
-3.035039
-1.448714
-0.311135
-2.434881
-1.389225
0.293222
-2.352201
-0.838782
0.796889
-4.238006
-1.497552
-0.976635
-2.902296
-0.688460
-0.843708
-3.526423
-1.465289
-0.487491
-2.706218
-2.071405
-0.500230
-4.429916
-2.072900
0.016939
-4.323699
-1.042899
-0.549457
-4.469953
-0.964980
-0.054399
-4.372643
-0.593662
-0.362662
-3.384182
-2.382308
-0.732601
-3.467540
-2.413595
-0.259077
-3.308104
-1.597702
-1.136970
-3.888382
-2.262017
-2.089695
-3.323898
-2.164657
-1.670523
-4.481646
-1.759585
-2.006809
-3.403326
-2.458676
-1.310508
-2.645358
-2.004391
-1.119249
-2.617260
-2.953934
-0.524980
-3.188035
-2.570237
-0.210706
-3.234155
-2.662635
-0.572783
-4.369530
-3.040969
-0.827095
-4.195444
-2.616455
-1.795445
-4.267428
-1.757888
-0.295831
-4.400461
-2.038874
-1.509000
-4.367241
-2.432312
-0.598656
-4.269379
-1.234667
-0.730200
-3.007630
-2.363497
-0.297520
-3.338892
-1.892214
-1.047038
-2.831618
-1.690412
-0.009685
-3.501965
-1.701313
-1.789240
-3.468642
-1.050865
-1.450405
-3.635128
-1.371548
-1.184178
-4.488797
-1.171599
-0.588845
-3.877478
-4.223188
-1.490739
-2.894681
-3.968109
-1.383785
-2.979790
-4.405133
-1.262854
-2.977365
-4.509103
-1.879833
-2.801256
-4.128763
-0.801861
-3.221997
-2.933220
-1.531502
-3.177359
-2.916502
-2.015639
-3.082099
-3.232740
-1.724491
-2.944357
-3.537550
-1.953099
-2.661825
-3.227588
-2.016562
-2.914102
-2.900198
-1.527032
-2.602786
-3.210384
-1.712507
-2.605271
-3.150225
-1.963431
-2.703587
-2.773467
-1.928875
-2.764670
-3.893356
-1.376670
-4.039258
-4.300850
-1.655991
-3.753693
-4.160794
-1.011571
-3.691697
-4.439195
-1.410463
-3.301671
-4.251967
-1.660792
-3.209327
-4.335605
-1.486237
-3.534377
-4.023421
-1.595117
-3.440525
-4.263790
-1.949916
-3.292333
-4.112392
-1.746497
-3.420094
-4.372368
-1.739574
-2.420793
-4.136373
-1.488820
-2.808315
-3.970065
-1.458498
-2.440662
-3.674733
-1.352868
-2.421476
-4.344744
-1.206777
-2.880112
-3.834370
-0.801995
-2.736379
-4.160439
-1.152390
-2.531084
-2.436848
-1.739494
-2.832265
-3.778249
-1.992889
-3.851817
-4.042772
-1.990570
-3.701749
-2.492705
-1.247711
-2.888351
-3.339244
-1.285936
-2.514159
-2.895228
-1.118342
-4.049688
-2.744143
-1.802555
-3.781119
-2.863287
-0.887943
-3.855345
-2.782664
-0.737091
-3.548969
-2.667186
-0.718620
-3.245742
-3.119985
-0.667172
-2.878562
-3.276651
-1.970384
-4.009178
-3.433027
-1.321789
-4.228219
-5.983705
1.012766
-1.999106
-6.294209
1.162359
-0.826806
-6.319648
1.640792
-1.854751
-5.391997
2.241334
-2.152704
-6.161852
2.369604
-1.883036
-4.940973
2.597798
-2.052078
-5.847183
1.849762
-2.253150
-5.318179
1.662948
-2.148908
-6.443284
1.675666
-1.380682
-5.870045
1.871922
1.571652
-5.413665
2.262336
1.472108
-6.180233
2.387419
1.191804
-6.337729
1.658318
1.170093
-6.003580
1.032030
1.325721
-5.339846
1.683949
1.475903
-6.455686
1.687687
0.694210
-6.300038
1.168008
0.148143
-7.532039
0.388663
0.195313
-7.206948
-0.468347
0.277224
-6.926007
0.304354
1.249436
-7.525613
0.382435
-0.879630
-7.199626
-0.475444
-0.947712
-6.907030
0.285959
-1.925399
-6.804541
2.699080
-1.088768
-5.403977
3.508158
-1.860117
-6.732489
1.799975
-1.183126
-6.438101
1.626861
-0.355350
-6.742500
1.809679
0.491787
-6.813357
2.707626
0.386156
-4.961447
2.617641
1.372743
-5.422059
3.525684
1.164725
-3.021368
2.868144
-2.142194
-4.211459
2.884116
-2.249388
-3.407423
3.480370
-2.773059
-4.082501
3.488944
-2.827137
-3.881705
4.123015
-2.979620
-3.043036
2.889145
1.482619
-3.436560
3.508612
2.101689
-4.234321
2.906277
1.575413
-4.112237
3.517766
2.147604
-3.913235
4.153577
2.295105
-4.157249
5.353312
1.486679
-4.380777
4.223122
1.566900
-3.500701
4.277977
1.371831
-2.662231
3.659291
0.780410
-3.480229
4.258133
-2.052991
-4.135283
5.332018
-2.188131
-4.067169
4.270878
0.768481
-4.357914
4.200961
-2.257901
-4.053869
4.257988
-1.456403
-4.653203
3.847522
-1.632602
-2.648932
3.646400
-1.444474
-4.668594
3.862440
0.942265
-4.188975
-0.620026
-1.178913
-4.943659
-0.105744
-1.661408
-5.042023
0.017428
-0.737693
-4.199287
-0.610031
0.545997
-5.046952
0.022207
0.087265
-4.959649
-0.090246
1.013454
-5.290158
-0.639771
0.764665
-5.277158
-0.652372
-1.410222
-5.194635
-0.760190
0.315925
-5.187015
-0.767577
-0.959009
-1.565477
5.339259
-0.347808
-2.700240
5.527191
-0.355668
-2.447721
4.075074
0.029266
-4.790064
5.917356
-0.370402
-3.821952
6.425622
-0.367572
-3.493431
5.443216
-0.359914
-5.455875
5.106236
-0.369669
-5.505215
4.239831
-0.364939
-2.443387
4.070873
-0.695696
-4.431533
1.184010
-2.140840
-4.442292
1.194438
-0.340933
-4.453201
1.205011
1.483972
-3.638973
1.063600
-0.335382
-5.307781
0.026807
1.910713
-3.949239
1.178456
-2.487936
-3.071674
0.913317
-2.656164
-2.904067
0.656054
-0.328632
-3.099619
0.940402
2.018592
-3.975091
1.203513
1.836838
-4.686793
1.662219
1.929935
-5.760069
-1.012432
0.539018
-4.659746
1.636003
-2.594831
-4.063526
2.132411
-3.094162
-2.799062
2.021158
-2.485961
-3.563799
1.538754
-3.162737
-5.281032
0.000881
-2.564054
-6.331870
-0.565222
-1.867028
-5.749759
-1.022425
-1.185892
-6.069630
-0.819972
-0.338959
-6.350251
-0.547407
1.207812
-7.114631
1.153197
-0.756646
-7.119564
1.157978
0.068310
-4.096550
2.164422
2.430552
-3.597721
1.571632
2.511968
-2.824913
2.046216
1.838815
-1.475370
3.001590
0.641306
-5.402289
4.107598
0.536457
-5.391680
4.097314
-1.238451
-1.462968
2.989568
-1.433587
-6.894563
2.731241
-0.364479
-3.536129
1.633356
0.311876
-3.528509
1.625970
-0.963059
-4.112308
0.941926
0.787450
-4.099007
0.929035
-1.437434
-4.183960
0.236476
0.491108
-4.174247
0.227062
-1.133807
-3.921463
0.219545
-1.607261
-4.030900
-0.391226
-0.329349
-3.936852
0.234463
0.967607
-3.802907
-0.409328
0.772138
-3.789907
-0.421929
-1.402748
-4.712660
-0.238948
0.415704
-4.703844
-0.247493
-1.059221
-4.483145
-1.022249
-1.128406
-4.492859
-1.012834
0.496509
-4.723426
0.404199
0.911917
-4.708632
0.389860
-1.562954
-2.981700
0.436556
-2.502914
-2.789526
-0.283388
-1.822577
-3.395122
-0.730071
-1.498601
-3.759175
1.106623
-2.486450
-3.758263
0.218453
-2.131287
-2.843899
1.058176
-2.655699
-3.785027
1.131680
1.838325
-2.871842
1.085261
2.019059
-3.007850
0.461902
1.871858
-3.409318
-0.716311
0.876275
-2.807606
-0.265864
1.202267
-3.779931
0.239454
1.493525
-3.003177
-1.035460
-1.119480
-2.550048
0.165636
-0.323725
-3.012889
-1.026047
0.505437
-4.642764
-0.897341
-0.805081
-3.975485
-1.417445
-0.323064
-2.605304
0.937127
-1.153544
-2.615316
0.946831
0.521370
-4.648590
-0.891693
0.169870
-2.975009
1.479260
-1.158900
-2.985022
1.488964
0.516013
-1.283676
0.101853
2.029412
-1.371500
-0.455316
2.269133
-2.475422
0.477126
2.269466
-2.453956
1.134209
3.358732
-2.627411
0.652579
3.695720
-1.273832
1.167887
3.754671
-1.330894
0.707409
4.139147
-0.560246
0.538400
2.944112
-0.560222
0.027565
3.263742
-2.646910
-0.055771
2.532341
-2.492782
0.360189
3.732890
-2.526374
-0.234217
2.777037
-1.465219
-0.546270
2.565683
-0.815367
-0.168643
3.384260
-1.443322
0.385303
4.097554
-1.551534
-0.064618
4.313146
-2.546736
-0.637807
3.072539
-2.527489
-0.102594
3.984627
-0.952122
-0.593385
3.632274
-1.557013
-0.958694
2.882265
-1.915567
-0.845959
3.789849
-3.088273
-1.386343
3.986714
-2.029036
-1.810538
3.513793
-2.714079
-1.206233
4.291931
-3.397886
-0.473976
3.545333
-3.071776
-0.180085
3.758406
-2.974658
-0.458617
2.556653
-2.413138
-1.342667
2.426760
-1.958583
-1.162082
2.493932
-2.488861
-1.915110
3.305844
-2.600401
-0.140388
2.639001
-1.383749
-1.207531
3.806355
-1.977112
-1.583024
3.537030
-1.315591
-0.678520
2.992892
-2.200438
0.102042
3.997987
-2.441932
-0.195143
2.821037
-2.824580
-0.229597
3.744613
-1.829825
0.130413
3.107093
-2.547980
-1.079437
4.185479
-1.926074
-0.729123
4.422381
-1.911190
-1.035339
2.707097
-1.493055
-0.326083
3.758093
-4.301687
-1.512246
2.168987
-3.893074
-1.528494
2.295049
-4.332226
-1.210023
2.653993
-3.701470
-2.323108
2.771334
-3.863798
-1.894606
2.648739
-3.478949
-2.263660
2.969951
-3.865677
-2.050452
2.565321
-3.890143
-2.237202
2.352834
-4.017025
-1.964401
2.362996
-4.057467
-1.697211
2.126945
-4.109710
-2.107973
1.861575
-3.977992
-1.625937
2.066918
-4.037907
-1.793756
1.580094
-3.621245
-1.170204
1.851794
-3.827253
-1.393632
1.771861
-2.934938
-1.698493
2.216473
-2.881713
-1.543971
2.053950
-2.674556
-1.622483
2.443235
-2.574625
-1.372438
2.206092
-3.221125
-1.690369
1.930504
-3.051547
-1.328542
2.022416
-4.148180
-1.259094
1.902352
-4.048433
-0.903337
2.269422
-4.307949
-1.874959
2.479661
-4.332230
-1.620336
2.229263
-4.284020
-1.567854
3.021755
-3.892203
-1.877021
3.298358
-4.093028
-2.180882
2.859082
-4.194014
-1.976686
2.697132
-2.932168
-1.267331
2.669623
-2.872773
-1.039168
2.144593
-3.084506
-1.472123
2.328881
-3.367735
-1.001779
2.033425
-3.062921
-2.082366
3.236270
-3.212461
-0.685067
3.281408
-3.151847
-1.230388
3.609565
-3.103782
-0.508363
3.031235
-3.226043
-0.956252
3.503658
-2.669298
-1.627373
3.194031
-2.671949
-0.735307
2.583869
-2.378797
-1.093859
2.400499
-3.501676
-0.530850
2.602667
-3.529754
-1.698835
3.594167
7.426169
-4.477335
-0.111390
6.135351
-4.202323
0.409987
6.158519
-4.205846
-0.664743
2.809460
-2.492806
-1.117692
4.339105
-3.812072
0.595009
2.770125
-2.486823
0.706846
4.371974
-3.817071
-0.929605
6.348968
-3.218345
-0.138761
4.722951
-2.132315
-0.177401
4.561500
-2.785404
1.071540
3.747154
-1.831567
1.300897
4.373138
-1.444462
-0.187206
6.274064
-3.489304
0.735708
4.614844
-2.793518
-1.402835
3.811275
-1.841320
-1.673351
6.311243
-3.494959
-0.988856
1.622163
-1.666964
-1.966609
2.606517
-3.169447
-2.566463
1.975026
-1.663885
-2.821648
1.570940
-4.443110
-1.997761
1.923803
-4.440030
-2.852799
2.588151
-3.894140
-2.576656
2.235288
-3.897220
-1.721617
1.042074
-1.326947
-3.205459
-0.574455
-2.089226
-2.874670
0.689212
-1.330027
-2.350420
-0.221592
-2.086146
-3.729708
0.622515
-4.087579
-2.387890
-0.250110
-3.022670
-3.744854
0.975377
-4.084499
-3.242930
-0.602973
-3.025749
-2.889817
0.884679
-2.008242
-1.758338
2.253654
-3.172527
-1.711424
0.861974
-3.847863
-1.774342
-0.210725
-2.670922
-2.212798
1.668960
-3.398693
-1.439682
2.384223
-3.392451
-3.172868
1.599942
-2.001999
-3.491523
1.577236
-3.841620
-3.507527
0.504538
-2.664680
-3.945982
-1.028590
-4.610085
-2.289415
-0.559385
-4.575881
-1.987479
-1.114354
-3.964577
-2.320333
-0.660109
-3.771366
-2.861811
-0.635901
-4.546371
-2.857177
-1.045478
-3.996778
-2.941187
-0.954754
-4.567278
-2.934748
-1.641068
-4.661057
-3.029168
-0.565106
-3.724445
-1.983960
0.397663
-3.708313
-4.318120
0.403382
-4.559746
-4.321639
-0.111018
-3.966752
-4.421542
-0.026777
-4.587311
-4.391079
-0.949828
-4.642290
-4.312443
-0.685351
-3.889649
-3.765468
-0.288347
-3.765137
-3.763121
-0.264140
-4.540142
-3.758487
-0.596536
-4.585053
-3.733637
-0.515320
-4.508769
-3.943001
-0.583928
-3.987848
-3.994746
-1.466405
-4.662920
-3.714352
-0.942724
-3.893961
-3.141484
-0.853910
-4.589366
-3.109653
0.543550
-3.357251
-3.417184
2.151505
-3.522412
-2.755109
2.377410
-3.717224
-3.204143
0.171787
-3.363481
-2.515875
1.779743
-3.528640
-1.853799
1.624355
-3.729843
-1.378414
0.576716
-4.657768
-3.412481
2.006411
-4.649896
-2.281872
0.204954
-4.663999
-2.511171
2.492907
-3.830413
-1.561733
2.864670
-3.824184
-2.463041
2.403142
-4.517178
-3.199052
1.650086
-4.529797
-1.373323
2.673964
-4.519485
-1.491811
3.045727
-4.513255
-2.393120
5.105620
-1.969688
-0.171761
3.363218
-1.186715
2.566274
3.042482
-2.040165
3.012754
4.595329
-1.302572
-0.184186
-3.837978
1.219926
0.638742
-3.057283
0.557837
0.881610
-3.309033
1.705655
1.322860
-2.586247
1.393150
1.688435
-2.424586
2.220840
1.713943
-3.229977
0.375697
-0.346477
-3.798432
1.213398
-1.335816
-3.008726
0.549820
-1.542847
-3.242457
1.694663
-2.001397
-2.342992
2.207369
-2.360147
-2.505654
1.379844
-2.335665
-0.612299
1.958941
-2.424677
-1.077003
3.520615
-4.164473
-0.994297
1.476045
-2.955832
0.237098
1.668526
-3.406892
-0.478849
1.281793
-3.569982
0.141523
2.094611
-2.710082
2.059581
0.271597
-3.415778
3.574109
1.065383
-4.738320
2.754438
0.083850
-3.001165
2.531861
1.380962
-2.884887
3.037374
0.764500
-2.672686
1.945718
1.070173
-3.345685
-0.784490
1.400378
2.874717
-1.257721
3.645668
3.532944
-1.125506
1.692652
2.191794
-0.014894
1.712487
2.914107
0.116108
2.162220
2.265122
-0.574650
2.149830
1.801242
0.510314
2.978609
-1.830454
1.366443
4.964969
-2.419983
0.951174
2.758193
-2.446012
1.726900
2.999008
-1.406078
1.720914
2.771089
-2.180588
0.945328
3.137661
-1.197147
0.907785
3.143859
0.677433
1.279845
4.979267
1.904051
1.680347
3.006694
0.918404
1.643323
2.783899
1.693545
0.863574
2.772656
1.928010
0.447743
2.988939
1.293849
1.821075
1.090752
2.877923
1.929996
0.417655
2.957343
1.931932
0.292672
2.957795
3.392399
1.095385
4.334650
2.938760
0.780782
2.251212
2.425239
1.398566
2.438923
2.642809
0.102280
2.572587
3.993727
3.423197
2.463649
2.663271
2.521868
0.914690
2.175801
2.491622
1.555148
3.063113
1.530802
1.701120
3.221271
1.905770
1.002918
2.400009
1.896866
2.061699
4.052629
0.940642
0.197604
5.463866
2.336315
-0.178816
3.687282
1.610921
0.438118
3.468787
2.030207
-0.217767
3.712812
1.606706
-0.836597
4.068147
0.938080
-0.577222
4.100349
3.405592
-2.860162
2.491616
1.881741
-2.512277
2.247384
2.479804
-2.019052
2.708824
2.514346
-1.359801
3.269826
1.897754
-1.421540
3.139701
1.518158
-2.123024
-0.354743
3.570798
-0.299446
-0.500649
3.148458
1.074288
2.800026
3.244908
-0.235177
4.326187
0.512264
-1.895895
4.257608
0.523587
1.528339
1.046404
2.429540
3.058018
-0.487216
0.530684
-3.817714
1.179057
2.407639
-3.565500
0.854697
-0.149655
-4.113648
-0.446087
3.139450
-1.650103
1.907412
-0.782053
-3.740405
3.473845
-1.204979
-2.957491
-1.449862
2.136286
1.808759
-1.165646
1.445439
3.141987
-1.027988
1.422710
-3.731477
0.745724
-0.072765
3.785403
1.766749
-0.758827
3.283022
-1.365264
2.122319
-2.415295
-0.628880
0.554075
3.255702
-2.016838
1.108323
3.451111
-1.216761
-1.977579
-2.898864
0.758954
-1.328251
-4.661775
0.885474
-2.842927
-2.303792
3.171130
-2.061406
-3.410809
3.115965
-2.625746
-0.209446
0.802880
-2.829291
1.820287
0.582250
-1.299075
4.161252
-1.321381
-1.960306
2.324968
-2.208355
-0.924744
2.103740
-1.498545
-0.333022
3.666295
-2.111743
-0.940695
-2.720181
-1.866165
1.083445
-4.072205
-1.339863
-0.359222
-4.256933
-2.382400
-1.086243
-0.324668
-1.413350
-2.321269
-0.301177
0.800253
-3.211875
-0.253892
-1.575136
3.471714
-1.723827
-1.631700
3.481052
1.100541
-1.282535
3.756364
-0.318643