1
2
3
1
4
2
5
4
1
4
5
6
4
6
7
4
7
2
1
3
8
9
8
3
10
11
12
10
8
11
8
13
11
8
9
13
5
12
6
10
12
5
14
15
16
17
15
18
14
18
15
18
14
13
11
13
14
13
9
18
16
12
14
17
18
19
19
18
9
20
19
21
17
19
20
2
7
22
2
22
3
20
21
22
21
3
22
20
22
23
7
23
22
23
7
24
24
7
6
15
24
16
23
24
15
23
15
20
11
14
12
12
24
6
16
24
12
19
3
21
9
3
19
20
15
17
10
5
8
8
5
1
25
26
27
28
26
25
29
28
25
30
31
26
28
30
26
29
30
28
32
33
31
30
32
31
34
35
36
29
32
30
37
27
38
36
27
37
34
36
37
35
33
27
36
35
27
39
40
38
40
39
33
35
40
33
34
40
35
25
27
32
29
25
32
32
27
33
34
37
40
37
38
40
41
42
31
43
44
26
45
26
44
46
44
43
44
42
45
41
45
42
46
42
44
46
47
42
47
31
42
31
47
26
46
43
47
43
26
47
33
48
31
31
49
41
31
48
49
33
39
48
50
48
51
48
50
49
48
39
51
26
52
27
27
52
53
38
27
53
54
55
56
26
45
52
53
52
57
58
57
52
52
45
58
58
45
59
59
54
58
60
58
54
59
45
41
38
61
39
56
50
51
54
59
55
55
59
49
55
49
50
56
55
50
51
61
56
62
56
61
39
61
51
57
61
53
53
61
38
62
61
57
58
60
57
60
62
57
56
60
54
62
60
56
49
59
41
63
64
65
66
67
68
69
66
68
69
68
70
71
69
70
71
70
64
63
71
64
72
65
66
72
63
65
66
65
67
73
74
75
76
77
78
78
77
79
74
78
80
78
79
80
73
75
81
81
75
82
74
80
75
76
81
77
81
82
77
83
76
78
83
81
76
83
78
74
83
74
73
83
73
81
79
77
65
72
66
63
63
66
71
71
66
69
64
80
65
79
65
80
67
65
77
75
64
70
80
64
75
82
70
68
75
70
82
77
82
67
82
68
67
84
85
86
87
88
89
89
88
90
89
90
91
92
89
91
92
91
85
93
92
85
84
86
87
93
85
84
87
86
88
94
95
96
97
98
99
100
98
97
97
99
101
102
97
101
103
102
95
102
101
95
103
95
94
100
94
98
94
96
98
104
100
97
104
97
102
104
102
103
104
94
100
104
103
94
101
86
95
84
87
89
92
93
89
93
84
89
99
88
86
101
99
86
95
86
85
96
85
91
95
85
96
96
91
98
98
91
90
99
98
88
90
88
98
105
106
107
108
105
107
109
107
106
110
111
112
113
112
114
110
112
115
116
112
113
116
115
112
114
112
111
113
117
116
115
116
118
117
118
116
119
120
121
108
122
123
124
121
120
121
124
125
126
127
124
127
125
124
121
125
122
123
122
125
108
107
122
121
122
109
107
109
122
128
129
130
131
130
106
129
106
130
109
132
133
134
133
132
105
123
106
118
117
111
113
114
117
114
111
117
118
111
135
132
109
106
129
132
106
128
132
129
123
125
106
119
136
120
108
123
105
137
136
125
127
137
125
126
137
127
126
120
137
137
120
136
126
124
120
133
134
131
128
130
134
130
131
134
128
134
132
115
138
139
140
138
141
142
143
140
143
144
140
144
138
140
135
141
138
138
145
139
144
145
138
135
138
115
136
146
139
133
139
145
119
147
136
136
147
146
147
140
146
139
146
110
125
136
139
106
125
139
131
106
139
135
115
118
146
141
110
121
109
142
143
142
109
147
119
142
119
121
142
140
147
142
141
146
140
144
143
145
145
143
133
133
143
109
131
139
133
139
110
115
111
141
135
111
110
141
148
149
150
151
152
153
152
151
154
154
151
155
154
150
152
154
155
148
148
150
154
152
150
156
156
150
149
157
158
159
159
160
157
161
157
160
157
161
162
157
162
158
163
164
160
161
160
164
159
163
160
165
166
167
168
169
165
165
169
166
168
170
169
152
171
172
172
153
152
171
152
173
156
173
152
171
173
174
174
175
176
163
159
175
176
175
159
164
175
174
164
163
175
177
178
159
176
159
178
149
174
173
149
173
156
179
180
181
182
181
180
182
183
181
184
185
186
187
186
185
188
187
185
189
190
188
189
191
190
191
185
192
185
184
192
183
193
181
194
193
183
188
190
187
190
191
195
183
182
196
194
183
196
196
197
193
196
198
197
199
193
197
192
195
191
190
195
200
190
200
186
187
190
186
189
188
191
188
185
191
194
196
193
199
181
193
179
181
199
180
196
182
180
198
196
201
202
203
204
205
206
206
207
204
202
201
208
204
209
205
210
208
201
203
210
201
207
209
204
211
212
213
197
214
215
215
216
197
217
214
197
218
217
197
216
219
197
215
195
216
213
212
216
213
216
195
211
213
219
215
214
195
218
195
217
214
217
195
212
219
216
211
219
212
202
220
203
221
222
205
206
205
222
221
205
203
220
223
221
222
221
223
220
221
203
161
167
224
223
225
226
227
223
226
227
228
223
225
223
220
229
222
223
229
223
228
230
161
224
231
207
224
155
232
148
162
161
230
233
234
235
226
235
234
179
234
233
148
236
170
236
148
232
170
237
169
238
236
208
239
169
238
169
237
238
238
210
239
238
237
236
166
169
239
231
166
239
203
239
210
231
239
209
209
239
205
202
208
236
232
220
236
220
202
236
231
224
240
231
240
166
167
166
240
170
241
148
149
148
241
180
179
233
241
170
168
241
168
165
242
241
165
241
242
149
164
149
242
242
165
167
167
161
242
161
164
242
180
151
153
180
233
151
229
243
230
155
151
232
151
233
232
186
177
158
230
222
229
162
230
158
243
158
230
230
224
222
243
244
245
243
229
244
184
243
245
186
158
243
186
243
184
232
233
225
232
225
220
222
224
206
206
224
207
228
244
229
228
245
244
225
235
226
233
235
225
203
205
239
238
208
210
231
209
207
167
240
224
170
236
237
192
246
213
228
246
245
164
174
149
176
178
247
219
213
246
172
171
248
249
219
246
199
219
249
179
199
249
218
176
247
248
171
218
171
250
218
176
218
250
198
172
248
218
247
195
248
218
197
198
248
197
250
171
174
176
250
174
177
186
178
186
200
178
226
249
227
246
227
249
228
227
246
192
213
195
247
200
195
180
172
198
247
178
200
199
197
219
177
159
158
153
172
180
192
184
246
184
245
246
234
179
249
226
234
249
251
252
253
253
254
255
253
252
254
256
255
254
256
257
258
258
255
256
255
258
259
260
259
258
258
257
261
262
260
258
263
261
264
263
264
258
263
258
261
262
265
260
259
266
255
267
256
254
267
254
257
266
259
253
266
253
255
267
257
256
262
258
265
268
269
270
254
271
257
271
272
257
261
257
272
254
252
271
270
272
268
261
272
270
271
268
272
271
273
268
253
259
274
275
274
276
276
277
278
279
277
276
274
279
276
260
277
279
260
279
259
274
259
279
274
251
253
280
269
281
280
264
270
261
270
264
280
270
269
260
265
277
282
277
265
278
277
282
283
264
284
268
273
285
268
281
269
268
285
281
276
278
281
276
281
286
282
281
278
286
281
285
284
264
280
287
283
284
284
280
281
273
252
288
285
289
286
288
289
285
288
285
273
289
275
286
282
265
284
287
284
265
286
275
276
273
271
252
282
284
281
251
289
252
275
251
274
275
289
251
289
288
252
283
287
258
265
258
287
283
258
264
290
291
292
293
294
295
295
294
296
295
296
297
297
296
298
297
298
290
290
298
291
292
299
293
292
291
299
293
299
294
294
300
296
300
294
301
301
294
299
302
301
291
301
299
291
302
291
298
303
302
298
304
296
300
303
298
304
296
304
298
297
290
293
295
297
293
290
292
293
305
303
304
306
300
301
307
300
306
308
302
303
309
302
308
306
301
302
309
306
302
308
303
305
305
304
300
307
305
300
310
309
308
310
306
309
310
307
306
310
305
307
310
308
305
311
312
313
314
315
316
317
318
312
319
317
312
319
312
311
314
313
315
311
313
314
316
315
320
317
316
318
316
320
318
321
322
323
324
325
326
327
325
324
324
326
328
329
324
328
329
328
321
321
328
322
323
322
330
327
323
325
323
330
325
331
327
324
331
324
329
331
321
323
331
323
327
331
329
321
311
316
319
328
313
312
322
328
312
330
318
325
320
325
318
325
320
315
326
325
315
326
315
313
328
326
313
330
312
318
322
312
330
314
316
311
319
316
317
332
333
334
335
336
337
338
336
335
339
338
335
340
333
336
341
333
340
342
341
340
343
333
332
344
343
332
345
333
346
347
348
349
350
349
348
351
348
347
348
352
350
351
352
348
353
332
354
334
354
332
343
346
333
342
340
355
344
346
343
341
356
333
334
333
356
342
356
341
356
355
334
357
334
355
358
357
359
340
336
355
357
355
336
338
360
336
357
336
360
339
360
338
360
359
357
361
362
363
347
349
363
352
351
363
361
363
349
351
347
363
362
350
352
352
363
362
339
359
360
335
337
359
339
335
359
358
359
337
346
353
345
354
345
353
344
353
346
344
332
353
342
355
356
364
361
365
366
367
368
369
367
366
367
370
371
368
367
371
372
371
370
349
372
370
365
361
370
337
364
365
345
354
364
336
364
337
333
364
336
345
364
333
354
373
364
371
364
373
368
371
373
362
364
371
372
362
371
358
369
357
358
337
374
374
365
367
337
365
374
370
367
365
349
370
361
357
369
334
374
369
358
366
334
369
367
369
374
372
350
362
350
372
349
364
362
361
368
373
366
354
334
366
373
354
366
375
376
377
378
379
380
381
379
378
377
379
381
376
379
377
382
383
384
385
384
386
383
386
384
387
382
384
382
388
383
383
388
386
386
388
389
387
384
379
379
384
380
385
380
384
378
380
386
388
381
378
389
388
378
390
381
388
390
388
382
380
385
386
389
378
386
375
382
387
375
390
382
375
377
390
377
381
390
376
387
379
375
387
376
391
392
393
394
395
396
397
394
396
398
399
400
401
399
398
402
403
404
405
403
402
406
391
400
407
392
391
394
408
402
409
408
406
408
409
402
410
406
408
394
410
408
397
407
410
410
407
406
397
410
394
391
406
407
411
412
392
398
393
412
413
414
412
411
413
412
412
414
398
411
392
396
396
395
411
395
413
411
395
404
413
413
404
414
393
392
412
405
402
409
399
405
409
399
409
400
401
398
414
403
414
404
401
414
403
398
391
393
400
391
398
402
404
394
399
403
405
401
403
399
406
400
409
397
392
407
396
392
397
395
394
404
415
416
417
418
419
420
421
420
419
422
420
421
423
418
417
420
417
418
422
417
420
422
415
417
423
417
416
416
415
419
422
421
415
421
419
415
424
425
426
427
426
425
428
426
427
429
430
431
432
429
431
433
431
434
435
429
432
426
430
424
428
434
426
434
430
426
434
431
430
428
433
434
436
419
418
427
425
431
433
427
431
428
427
433
435
436
429
436
418
429
429
418
430
435
437
436
437
419
436
435
432
437
437
432
419
432
431
419
430
418
438
439
440
438
438
440
424
418
441
438
430
438
424
438
441
439
418
423
441
442
441
443
441
423
443
442
439
441
444
445
446
419
446
416
447
448
442
419
431
446
425
444
431
431
444
446
445
444
449
444
425
449
450
443
416
443
450
447
451
447
450
448
439
442
448
440
439
440
448
449
452
449
448
425
424
449
424
440
449
451
445
452
452
445
449
452
448
451
450
445
451
450
446
445
447
442
443
446
450
416
443
423
416
448
447
451
453
454
455
453
456
454
457
458
459
460
459
458
459
460
461
457
462
458
462
463
464
457
463
462
465
466
467
465
467
464
463
465
464
468
469
470
471
472
469
473
471
469
468
473
469
469
472
470
474
475
476
477
478
475
479
477
475
475
478
476
474
479
475
480
481
482
483
484
481
480
483
481
481
484
485
481
485
482
486
487
488
489
490
487
491
489
487
487
490
488
486
491
487
492
493
494
495
494
493
496
495
493
497
496
493
492
497
493
498
499
500
501
502
503
501
503
498
504
502
501
501
498
500
505
506
507
504
501
500
505
508
509
505
509
506
510
508
505
511
512
513
510
505
507
514
512
515
513
512
514
515
512
516
517
518
519
516
512
511
517
520
521
522
518
517
522
517
521
520
517
519
523
524
525
526
525
527
526
527
456
528
527
525
528
525
524
529
530
531
525
526
530
532
525
530
523
525
532
533
526
534
530
526
533
530
533
531
528
535
536
537
530
529
538
539
528
539
527
528
454
527
539
540
532
530
537
540
530
534
526
456
528
524
535
528
536
541
538
528
541
456
527
454
460
542
461
543
544
545
546
545
544
546
547
545
547
546
453
547
453
455
548
547
455
548
455
549
550
548
549
551
550
552
553
464
467
553
467
554
555
543
553
555
553
554
467
466
554
551
552
542
460
551
542
460
458
551
550
549
552
543
555
544
458
556
551
550
551
556
464
556
462
458
462
556
553
543
556
550
556
557
464
553
556
543
557
556
545
557
543
550
557
548
557
545
558
545
547
558
557
558
548
558
547
548
537
554
540
552
541
542
536
542
541
542
535
461
542
536
535
555
529
531
555
531
544
554
466
540
529
555
554
529
554
537
549
539
538
552
538
541
552
549
538
559
532
540
455
539
549
455
454
539
546
544
533
534
546
533
531
533
544
466
559
540
560
524
561
561
532
559
561
524
523
532
561
523
535
560
461
535
524
560
456
453
534
453
546
534
461
560
459
560
457
459
466
465
559
465
463
559
561
559
463
560
561
457
457
561
463