1
2
3
3
4
1
5
6
7
8
7
6
9
10
11
12
11
10
13
14
15
6
16
8
17
18
19
15
20
13
21
8
16
22
19
18
23
24
25
26
27
28
29
30
31
25
32
23
33
28
27
34
31
30
35
23
32
27
36
33
30
37
34
32
38
35
39
33
36
40
34
37
41
42
43
44
43
42
45
46
47
48
47
46
49
50
51
52
53
54
55
56
57
58
51
50
59
57
56
54
60
52
61
62
63
64
63
62
65
59
66
56
66
59
67
68
69
69
70
67
71
72
73
73
74
71
75
71
74
74
76
75
77
78
79
80
81
82
83
84
85
86
87
88
82
89
80
85
90
83
91
79
78
92
93
94
95
83
90
79
91
96
94
97
92
90
98
95
99
96
91
100
96
99
101
102
103
104
95
98
96
100
105
103
106
101
98
107
104
108
105
100
109
110
111
112
113
114
115
116
117
118
119
120
114
121
112
122
111
110
117
123
115
120
124
118
125
126
127
127
128
125
129
125
128
128
130
129
131
132
133
133
134
131
135
133
136
133
135
134
134
137
138
136
139
135
137
134
135
140
138
137
137
135
141
141
142
137
143
144
145
145
146
143
147
148
149
150
151
152
153
154
155
152
156
150
149
153
147
155
157
153
158
150
156
159
147
153
156
160
158
161
159
153
162
158
160
163
153
157
153
163
161
160
164
162
157
165
163
166
161
163
167
162
164
163
168
166
164
169
167
170
171
172
173
174
171
172
175
170
171
170
173
176
170
175
177
173
170
175
178
176
170
176
177
179
180
181
182
183
180
181
184
179
180
179
182
185
186
187
188
189
186
187
190
185
186
185
188
191
192
193
193
194
191
194
193
195
195
196
194
197
198
199
199
200
197
201
202
203
203
204
201
205
206
207
208
209
210
211
212
213
214
215
216
217
218
219
220
221
222
207
223
205
210
224
208
213
225
211
216
226
214
219
227
217
222
228
220
213
212
229
230
231
232
229
233
213
232
234
230
235
236
237
233
229
238
238
239
233
240
239
238
238
241
240
242
243
244
245
240
241
241
246
245
247
242
244
248
249
250
251
250
252
252
253
254
250
251
248
252
255
251
254
255
252
256
247
244
257
258
259
259
260
257
261
256
244
262
261
244
260
259
263
263
264
260
262
244
265
266
267
268
269
264
263
270
271
272
263
273
269
274
275
276
277
278
279
280
281
282
276
283
274
279
284
277
282
285
280
286
287
288
288
287
289
290
289
269
288
291
286
289
290
288
269
273
290
292
293
294
294
295
292
296
297
298
299
300
301
302
303
300
304
303
302
298
305
296
301
306
299
300
299
302
302
307
304
296
305
308
309
299
306
310
302
299
307
302
310
311
296
308
306
312
309
299
309
310
310
313
307
311
308
314
315
309
312
316
310
309
317
313
310
312
318
315
309
315
316
310
316
317
319
311
314
320
321
322
323
324
325
325
326
323
322
327
320
326
325
328
327
322
329
328
330
326
329
331
327
332
333
334
334
335
332
336
337
338
338
339
336
340
332
335
341
342
343
343
344
341
345
346
347
347
348
345
335
349
340
349
350
351
352
331
329
351
340
349
329
353
352
354
355
356
356
357
354
358
359
360
360
361
358
362
363
364
364
365
362
366
367
368
368
369
366
370
371
372
372
373
370
374
375
376
376
377
374
378
379
380
380
381
378
382
383
384
384
385
382
386
387
388
388
389
386
390
391
392
392
393
390
394
395
396
396
397
394
398
399
400
401
400
399
402
403
404
404
405
402
406
407
408
408
409
406
409
408
410
410
411
409
411
410
401
401
399
411
412
413
414
414
415
412
416
417
418
419
420
421
422
423
420
418
417
423
418
424
416
421
425
419
420
419
422
423
422
418
426
427
428
428
429
426
430
431
432
432
433
430
433
432
434
434
435
433
435
434
426
426
429
435
436
437
438
438
439
436
440
441
442
443
416
424
444
445
446
447
442
441
446
448
444
424
449
443
450
451
452
453
443
449
454
455
456
452
457
450
449
458
453
459
456
455
460
461
462
462
463
460
464
465
466
466
467
464
468
469
470
471
472
473
474
475
476
470
477
468
478
479
480
473
481
471
482
476
475
480
483
478
484
485
486
486
487
484
487
486
488
488
489
487
489
488
490
490
491
489
492
491
490
490
493
492
494
495
496
497
498
495
499
500
498
481
500
499
496
501
494
495
494
497
498
497
499
499
471
481
502
503
504
504
505
502
506
507
508
508
509
506
510
511
512
512
513
510
513
512
514
514
515
513
515
514
516
516
517
515
516
518
517
519
517
518
520
521
522
523
524
525
522
526
520
527
528
529
529
530
527
525
531
523
526
522
532
533
534
526
526
535
533
532
535
526
536
537
538
538
539
536
540
541
542
543
544
545
546
547
548
549
550
551
542
552
540
548
553
546
545
554
543
551
555
549
556
557
558
558
559
556
560
561
562
563
564
565
566
567
568
565
569
563
562
570
560
568
571
566
572
573
574
574
575
572
576
577
578
579
580
581
582
583
584
585
586
587
578
588
576
584
589
582
581
590
579
587
591
585
592
593
594
594
595
592
596
597
598
598
599
596
600
601
602
602
603
600
596
599
604
605
601
600
606
607
608
604
609
596
610
598
597
603
602
611
600
612
605
613
606
614
615
616
617
608
614
606
618
617
619
617
618
615
620
621
616
622
623
624
616
615
620
625
618
619
615
618
625
614
624
623
626
622
627
628
626
629
630
631
621
625
632
615
621
620
630
620
615
632
633
608
607
614
634
613
629
635
628
614
608
636
637
609
604
597
638
610
639
640
628
605
612
641
628
635
639
611
642
603
636
624
614
627
629
626
632
643
620
622
624
644
607
645
633
646
647
648
630
620
643
649
650
640
604
651
637
641
652
605
647
653
648
613
634
654
627
622
644
655
636
608
654
656
613
640
639
649
650
657
658
643
659
630
660
647
646
624
636
661
646
662
660
608
633
655
653
647
660
660
663
653
664
665
666
657
654
658
661
644
624
650
649
667
655
661
636
650
667
657
666
668
664
669
670
664
664
668
669
666
669
668
671
627
672
644
672
627
666
673
669
674
675
671
676
644
661
677
675
674
671
678
674
679
649
677
656
654
680
681
610
638
637
651
682
674
683
677
684
652
641
642
611
685
686
633
645
672
678
671
687
661
655
672
644
676
688
655
633
679
667
649
654
657
689
690
691
692
677
683
679
657
667
693
661
687
676
694
691
690
690
695
694
672
676
687
655
688
687
694
696
691
667
679
697
698
699
700
693
667
697
633
686
688
693
689
657
689
680
654
701
702
698
680
703
656
645
704
686
700
701
698
705
672
706
687
706
672
638
707
681
641
708
684
682
709
637
685
710
642
700
711
701
712
697
679
713
705
714
715
679
716
706
714
705
697
712
693
687
688
706
717
716
713
714
718
713
679
715
712
713
718
717
714
717
718
716
717
715
714
706
719
719
717
714
720
706
688
719
715
717
720
688
721
688
686
722
723
693
712
693
723
689
719
706
724
706
720
724
680
689
723
722
721
688
721
725
720
715
719
724
726
720
725
727
712
715
720
726
724
728
725
721
728
726
725
703
680
729
728
715
724
712
727
723
686
704
730
726
728
724
715
728
727
730
722
686
727
721
722
723
729
680
721
727
728
710
685
731
732
681
707
722
733
727
729
723
727
731
734
710
733
722
730
735
684
708
709
682
736
707
737
732
727
733
729
729
738
703
738
729
733
730
739
733
740
734
731
708
741
735
736
742
709
732
737
743
733
739
738
731
744
740
743
745
732
741
740
744
744
735
741
745
743
742
742
736
745
746
747
748
748
749
746
750
751
752
752
753
750
754
748
747
753
752
755
756
757
758
747
759
754
760
746
749
751
750
761
755
762
753
758
757
763
758
764
756
765
756
764
764
758
766
754
759
767
749
768
760
761
769
751
763
770
758
771
762
755
766
772
764
766
758
770
767
773
754
755
774
771
775
766
776
777
764
772
770
776
766
778
770
763
775
779
766
775
780
781
763
782
778
772
766
783
779
775
781
764
777
765
780
775
784
776
784
775
780
785
781
783
766
779
785
780
784
786
779
781
785
784
776
787
776
770
772
788
777
785
789
781
789
786
781
772
790
788
783
790
772
770
778
787
776
787
785
791
779
786
786
792
791
789
785
787
786
789
792
779
791
793
791
792
794
791
794
795
783
779
796
795
794
792
795
793
791
797
792
789
787
798
789
790
783
799
793
796
779
792
797
795
796
799
783
800
801
802
773
767
803
804
771
774
769
761
805
806
760
768
789
807
797
807
789
798
800
802
808
778
782
809
810
765
777
808
811
800
812
777
788
813
788
790
787
778
814
799
815
790
802
816
808
796
815
799
817
818
819
798
787
820
798
821
807
819
822
823
819
823
817
821
798
824
790
815
813
796
825
826
817
823
827
788
813
812
815
796
828
814
820
787
829
807
821
830
831
807
820
824
798
826
825
832
774
833
804
809
814
778
805
834
769
803
835
773
768
836
806
826
828
796
777
812
810
832
831
830
832
837
826
824
829
821
830
837
832
838
839
840
807
841
830
807
829
841
838
840
842
838
842
843
843
844
838
843
842
840
845
813
815
824
820
846
828
845
815
840
847
843
848
829
824
812
813
849
850
851
852
852
853
850
820
814
854
852
855
856
824
846
848
856
853
852
857
858
859
845
849
813
828
860
861
862
810
812
854
846
820
863
841
829
812
864
862
850
853
865
866
834
805
806
836
867
861
845
828
859
868
857
853
856
865
814
809
869
863
829
848
868
859
870
871
872
841
873
848
846
874
804
833
860
875
876
805
877
866
876
861
860
835
803
878
867
879
806
846
854
873
876
875
872
862
864
873
869
854
814
870
880
868
857
868
881
880
870
882
881
883
857
872
871
876
841
863
871
848
873
884
882
885
880
885
882
886
868
880
887
863
848
884
887
881
868
880
885
888
888
885
886
889
873
854
888
887
880
873
889
862
866
877
890
833
891
874
878
892
835
893
879
867
854
869
889
890
894
866
867
895
893
890
874
891
891
894
890
892
878
893
893
895
892