19.848145
-8.769012
-13.412078
19.849609
-8.769018
-25.294157
19.849609
-5.774138
-25.294159
19.848145
-5.774132
-13.412078
19.848145
-5.774132
-13.412078
19.849609
-5.774138
-25.294159
19.548096
-5.774132
-13.412078
19.549561
-5.774138
-24.994354
19.549561
-8.769018
-24.994352
19.548096
-8.769012
-13.412078
19.549561
-5.774138
-24.994354
19.548096
-5.774132
-13.412078
13.644043
-5.774138
-25.300507
19.849609
-5.774138
-25.294159
19.849609
-8.769018
-25.294157
13.644043
-5.774138
-25.300507
19.549561
-5.774138
-24.994354
13.644043
-5.774138
-25.000458
19.549561
-8.769018
-24.994352
13.644043
-8.769018
-25.300505
13.644043
-5.774138
-25.000458
13.644043
-8.769018
-25.000456
-2.537598
-5.774138
-25.300507
13.644043
-5.774138
-25.300507
13.644043
-8.769018
-25.300505
13.644043
-5.774138
-25.300507
-2.537598
-5.774138
-25.300507
13.644043
-5.774138
-25.000458
13.644043
-5.774138
-25.000458
-2.537598
-5.774138
-25.000458
13.644043
-8.769018
-25.000456
-2.537598
-8.769018
-25.300505
-2.537598
-5.774138
-25.000458
-2.537598
-8.769018
-25.000456
-7.523682
-5.774136
-25.300995
-7.523682
-5.774136
-25.300995
-7.523682
-5.774136
-25.000946
-7.523682
-8.769016
-25.300993
-7.523682
-5.774136
-25.000946
-7.523682
-8.769016
-25.000944
-7.523682
-8.769016
-25.300993
-7.523682
-8.769016
-25.000944
-7.523682
-5.774136
-25.300995
-7.523682
-5.774136
-25.000946
-15.158447
-5.774138
-25.300507
-15.158447
-5.774138
-25.000458
-15.158447
-8.769018
-25.300505
-15.158447
-8.769018
-25.000456
-15.158447
-5.774138
-25.000458
-19.860107
-5.774137
-25.003387
-15.158447
-8.769018
-25.000456
-20.160156
-5.774137
-25.303436
-15.158447
-5.774138
-25.300507
-15.158447
-8.769018
-25.300505
-15.158447
-5.774138
-25.300507
-20.160156
-5.774137
-25.303436
-15.158447
-5.774138
-25.000458
-19.860107
-8.769016
-25.003386
-19.860107
-5.774137
-25.003387
-20.160156
-8.769016
-25.303434
-19.852051
-8.769012
-13.413299
-19.860107
-8.769016
-25.003386
-19.852051
-5.774132
-13.413299
-19.860107
-5.774137
-25.003387
-19.852051
-5.774132
-13.413299
-20.152100
-5.774132
-13.413299
-20.160156
-8.769016
-25.303434
-20.152100
-8.769012
-13.413299
-20.152100
-5.774132
-13.413299
-20.160156
-5.774137
-25.303436
19.836914
-8.769015
-5.300506
19.848145
-8.769012
-13.412078
19.848145
-8.469012
-13.412078
19.836914
-8.469015
-5.300506
19.836914
-8.769013
6.588655
19.836914
-8.469013
6.588655
19.848145
-8.769012
-13.412078
19.849609
-8.769018
-25.294157
16.988770
-8.769016
-13.412078
16.988770
-8.469016
-13.412078
19.848145
-8.469012
-13.412078
19.848145
-8.769012
-13.412078
16.977539
-8.469020
-5.300506
19.836914
-8.469015
-5.300506
19.848145
-8.469012
-13.412078
19.836914
-8.469015
-5.300506
16.977539
-8.469020
-5.300506
19.836914
-8.469013
6.588655
16.988770
-8.769016
-13.412078
16.988770
-8.469016
-13.412078
13.644043
-8.769018
-25.300505
-5.348633
-8.469016
-13.412078
16.988770
-8.469016
-13.412078
16.988770
-8.769016
-13.412078
-5.359863
-8.469020
-5.807342
-5.348633
-8.769016
-13.412078
-5.348633
-8.769016
-13.412078
-5.348633
-8.469016
-13.412078
-2.537598
-8.769018
-25.300505
-7.523682
-8.769016
-25.300993
-15.158447
-8.469012
-13.412078
-5.348633
-8.469016
-13.412078
-5.348633
-8.769016
-13.412078
-15.169678
-8.469015
-5.807342
-15.158447
-8.769012
-13.412078
-15.158447
-8.769012
-13.412078
-15.158447
-8.469012
-13.412078
-15.158447
-8.769018
-25.300505
-15.158447
-8.769012
-13.412078
-15.158447
-8.769018
-25.300505
-20.152100
-8.769012
-13.413299
-20.152100
-8.469012
-13.413299
-15.158447
-8.469012
-13.412078
-15.158447
-8.769012
-13.412078
-20.163330
-8.469015
-5.300506
-15.169678
-8.469015
-5.807342
-15.158447
-8.469012
-13.412078
-20.163330
-8.469013
6.588655
-15.169678
-8.469013
6.587434
-15.169678
-8.469015
-5.807342
-20.152100
-8.769012
-13.413299
-20.160156
-8.769016
-25.303434
-20.152100
-8.469012
-13.413299
-20.163330
-8.469015
-5.300506
-20.163330
-8.469015
-5.300506
-20.152100
-8.469012
-13.413299
-20.152100
-8.769012
-13.413299
-20.163330
-8.769015
-5.300506
-20.163330
-8.469013
6.588655
-20.163330
-8.769013
6.588655
-9.309570
-8.769015
-20.093229
-9.273682
-8.769015
-20.135954
-9.273682
-5.774135
-20.135956
-9.309570
-5.774135
-20.093231
-15.122559
-5.774138
-25.043182
-9.273682
-8.769015
-20.135954
-15.158447
-5.774138
-25.000458
-9.309570
-8.769015
-20.093229
-15.122559
-8.769018
-25.043180
-15.158447
-8.769018
-25.000456
-15.122559
-8.769018
-25.043180
-15.158447
-8.769018
-25.000456
-11.008545
-5.876443
-13.112029
-11.008545
-8.469016
-13.112029
-14.503174
-8.469016
-13.112029
-14.503174
-5.876443
-13.112029
-0.163330
-8.469012
11.854768
19.836914
-8.469012
11.854768
19.836914
-8.469013
6.588655
-0.163330
-8.769012
11.854768
19.836914
-8.769012
11.854768
19.836914
-8.469012
11.854768
-5.168457
-8.469014
6.588655
19.836914
-8.469013
6.588655
16.977539
-8.469020
-5.300506
-0.163330
-8.469012
11.854768
-5.359863
-8.469020
-5.807342
-5.168457
-8.769012
11.854768
-5.168457
-8.469013
11.854768
-5.168457
-8.469013
11.854768
-15.169678
-8.469012
11.853547
-15.169678
-8.769012
11.853547
-15.169678
-8.469013
6.587434
-15.169678
-8.469012
11.853547
-15.169678
-8.469015
-5.807342
-20.163330
-8.469012
11.854768
-20.163330
-8.769012
11.854768
-20.163330
-8.469013
6.588655
-20.163330
-8.469012
11.854768
-0.163330
-8.769011
14.699494
19.836914
-8.769011
14.699494
19.836914
-8.769012
11.854768
-0.163330
-8.769011
18.033236
19.836914
-8.769011
18.033236
-0.163330
-8.769012
11.854768
-5.168457
-8.769011
14.699494
-5.168457
-8.769011
18.033236
-5.168457
-8.769012
11.854768
-15.169678
-8.769011
14.698274
-5.168457
-8.769011
14.699494
-5.168457
-8.769012
11.854768
-15.169678
-8.769011
18.032015
-5.168457
-8.769011
18.033236
-15.169678
-8.769012
11.853547
-20.163330
-8.769011
14.699494
-15.169678
-8.769011
14.698274
-15.169678
-8.769012
11.853547
-20.163330
-8.769011
18.033236
-15.169678
-8.769011
18.032015
-20.163330
-8.769012
11.854768
19.838379
-8.769014
25.307650
19.836914
-8.769011
18.033236
-0.163330
-8.769011
18.033236
-0.163330
-8.769014
25.315218
-5.168457
-8.769011
18.033236
-5.168457
-8.769014
25.315218
-5.168457
-8.769014
25.315218
-5.168457
-8.769011
18.033236
-15.169678
-8.769011
18.032015
-15.169678
-8.769014
25.313997
-15.169678
-8.769014
25.313997
-15.169678
-8.769011
18.032015
-20.163330
-8.769011
18.033236
-20.165039
-8.769014
25.314486
19.836914
-5.474131
-10.992156
20.552979
-5.474131
-10.992156
20.552979
-5.474131
-8.869597
19.836914
-5.474131
-8.869597
20.552979
-5.474131
-8.869597
20.552979
-5.474129
4.320832
20.552979
-5.474129
4.320832
20.552979
-5.474128
7.378205
19.836914
-5.474128
6.588655
19.557617
1.258714
-8.869598
20.552979
-5.474131
-8.869597
20.552979
-5.474131
-10.992156
19.557617
1.258714
4.320831
20.552979
-5.474129
4.320832
20.552979
-5.474131
-8.869597
19.557617
1.258714
6.382843
20.552979
-5.474128
7.378205
20.552979
-5.474129
4.320832
19.836914
-5.474131
-8.869597
19.836914
-5.474129
4.320832
19.836914
-5.474129
4.320832
19.557617
1.258711
-10.992157
19.557617
1.258714
-8.869598
19.557617
1.258714
4.320831
16.988770
-5.474128
7.378205
16.988770
-5.474128
7.378205
20.552979
-5.474128
7.378205
19.557617
1.258714
6.382843
16.988770
-5.474128
6.588655
16.988770
1.258714
6.382843
8.451904
-5.474128
7.378205
16.988770
-5.474128
7.378205
16.988770
1.258714
6.382843
8.451904
-5.474128
7.378205
8.451904
-5.474128
6.588655
-0.163086
-5.474128
6.588655
-0.163086
-5.474128
7.378205
8.451904
-5.474128
7.378205
16.988770
1.258714
6.382843
-17.501465
1.258714
6.382843
-2.966309
-5.474128
6.588655
-2.966309
-5.474128
7.378205
-0.163086
-5.474128
7.378205
-6.109619
-5.474129
2.424592
-2.966309
-5.474129
2.424592
-2.966309
-5.474128
4.573274
-6.109619
-5.474128
4.573274
-2.966309
-5.474128
6.588655
-2.966309
-5.474128
7.378205
-6.109619
-5.474128
7.378205
-6.109619
-5.474128
6.588655
-2.966309
-5.474128
7.378205
-6.109619
-5.474128
6.588655
-6.109619
-5.474128
7.378205
-8.902100
-5.474128
7.378205
-8.902100
-5.474128
6.588655
-6.109619
-5.474128
7.378205
-8.902100
-5.474128
7.378205
-17.501465
-5.474128
7.378205
-17.501465
-5.474127
6.588655
-17.501465
-5.474128
7.378205
-17.501465
-5.474128
7.378205
-17.501465
1.258714
6.382843
-19.582031
1.258714
6.382843
-20.163086
-5.474128
6.588655
-19.582031
1.258714
6.382843
-20.577393
-5.474128
7.378205
-17.501465
-5.474128
7.378205
-20.577393
-5.474128
7.378205
-20.577393
-5.474131
-8.869597
-19.582031
1.258714
-8.869598
-19.582031
1.258711
-10.992157
-20.577393
-5.474129
4.320832
-19.582031
1.258712
4.320831
-19.582031
1.258714
-8.869598
-19.582031
1.258714
6.382843
-19.582031
1.258712
4.320831
-20.577393
-5.474129
4.320832
-20.577393
-5.474131
-10.992156
-20.577393
-5.474131
-8.869597
-20.577393
-5.474128
7.378205
-20.163086
-5.474131
-10.992156
-20.163086
-5.474131
-8.869597
-20.577393
-5.474131
-8.869597
-20.163086
-5.474129
4.320832
-20.577393
-5.474129
4.320832
-20.577393
-5.474131
-10.992156
-2.966309
-8.469013
4.573275
-2.966309
-5.972100
4.573274
-4.609684
-5.975879
4.573264
-4.609684
-8.469013
4.573265
16.988770
-5.474131
-8.869597
19.836914
-5.474131
-8.869597
19.836182
-5.474133
-13.412078
16.988770
1.258714
-8.869598
19.557617
1.258714
-8.869598
19.557617
1.258711
-10.992157
16.988770
1.258712
4.320831
19.557617
1.258714
4.320831
19.557617
1.258714
6.382843
16.988770
-5.474132
-13.412078
16.988770
1.258711
-10.992157
16.988770
1.258714
6.382843
-5.348633
-5.474133
-13.412078
-17.501465
1.258714
-8.869598
-17.501465
1.258712
4.320831
-17.501465
-5.474131
-8.869597
-17.501465
1.258711
-10.992157
-17.501465
1.258714
6.382843
-20.163086
-5.474133
-13.412078
-19.582031
1.258714
-8.869598
-19.582031
1.258712
4.320831
-19.582031
1.258714
6.382843
-19.582031
1.258711
-10.992157
-20.163086
-5.474131
-8.869597
19.557617
1.258711
-10.992157
20.552979
-5.474131
-10.992156
16.988770
-5.474131
-10.992156
19.836182
-5.474133
-13.412078
19.836182
-8.469016
-13.412078
16.988770
-8.469016
-13.412078
16.988770
-5.474132
-13.412078
16.988770
1.258711
-10.992157
-5.348633
-8.469016
-13.412078
-17.501465
-5.474131
-10.992156
-5.348633
-5.474133
-13.412078
-17.501465
1.258711
-10.992157
-5.348633
-5.474133
-13.412078
-5.348633
-8.469016
-13.412078
-11.008545
-8.469016
-13.412078
-11.008545
-5.876443
-13.412078
-11.008545
-5.876443
-13.412078
-11.008545
-8.469016
-13.412078
-11.008545
-8.469016
-13.112029
-11.008545
-5.876443
-13.112029
-20.163086
-5.474133
-13.412078
-14.503174
-5.876443
-13.412078
-11.008545
-5.876443
-13.412078
-11.008545
-5.876443
-13.112029
-14.503174
-5.876443
-13.112029
-14.503174
-8.469016
-13.412078
-14.503174
-5.876443
-13.412078
-14.503174
-5.876443
-13.112029
-14.503174
-8.469016
-13.112029
-14.503174
-5.876443
-13.412078
-14.503174
-8.469016
-13.412078
-20.163086
-8.469016
-13.412078
-19.582031
1.258711
-10.992157
-20.577393
-5.474131
-10.992156
19.836914
-8.469016
-8.869597
19.836914
-5.474131
-8.869597
19.836914
-5.474129
4.320832
19.836914
-8.469013
4.320832
-20.163086
-5.474131
-8.869597
-20.163086
-8.469016
-8.869597
-20.163086
-8.469013
4.320832
-20.163086
-5.474129
4.320832
16.988770
-8.469013
6.588655
16.988770
-5.474128
6.588655
8.451904
-5.474128
6.588655
8.451904
-8.469013
6.588655
-2.966309
-8.469013
6.588655
-0.163086
-8.469013
6.588655
-0.163086
-5.474128
6.588655
-2.966309
-5.474128
6.588655
-2.966309
-5.474129
2.424592
-2.966309
-8.469014
2.424592
-2.966309
-8.469013
4.573275
-2.966309
-5.474128
4.573274
-2.966309
-5.474128
4.573274
-2.966309
-8.469013
4.573275
-2.966309
-8.469013
6.588655
-2.966309
-5.474128
6.588655
-6.109619
-8.469014
2.424592
-6.109619
-5.474129
2.424592
-6.109619
-5.474128
4.573274
-6.109619
-8.469013
4.573275
-6.109619
-8.469013
4.573275
-6.109619
-5.474128
4.573274
-6.109619
-5.474128
6.588655
-6.109619
-8.469013
6.588655
-8.902100
-8.469013
6.588655
-8.902100
-5.474128
6.588655
-17.501465
-5.474127
6.588655
-17.501465
-8.469013
6.588655
-0.163086
-8.469013
6.588655
8.451904
-8.469013
6.588655
8.451904
-5.474128
6.588655
-0.163086
-5.474128
6.588655
-6.109619
-8.469013
6.588655
-6.109619
-5.474128
6.588655
-8.902100
-5.474128
6.588655
-8.902100
-8.469013
6.588655
19.838379
-8.769014
25.307650
19.836914
-8.769011
18.033236
19.838379
-7.626773
25.307650
19.836914
-7.626769
18.033236
19.836914
-8.469013
4.320832
19.836914
-5.474129
4.320832
19.836914
-5.474128
6.588655
19.836914
-8.469013
6.588655
19.836914
-8.769013
6.588655
19.836914
-7.626771
6.588655
19.836914
-7.626770
11.854768
19.836914
-8.769012
11.854768
19.836914
-7.626770
14.699494
19.836914
-8.769011
14.699494
19.836182
-5.474133
-13.412078
19.836914
-5.474131
-8.869597
19.836914
-8.469016
-8.869597
19.836182
-8.469016
-13.412078
19.838379
-7.626773
25.307650
19.836914
-7.626769
18.033236
19.536865
-7.626769
18.033236
19.536865
-7.626770
11.854768
19.836914
-7.626770
11.854768
19.836914
-7.626771
6.588655
19.536865
-7.626770
14.699494
19.836914
-7.626770
14.699494
19.538330
-7.626773
25.007601
19.536865
-7.626771
6.588655
19.536865
-8.769011
18.033236
19.538330
-8.769014
25.007601
19.538330
-7.626773
25.007601
19.536865
-7.626769
18.033236
19.536865
-7.626771
6.588655
19.536865
-8.769013
6.588655
19.536865
-8.769012
11.854768
19.536865
-7.626770
11.854768
19.536865
-8.769011
14.699494
19.536865
-7.626770
14.699494
19.836914
-8.469013
6.588655
19.836914
-5.474128
6.588655
16.988770
-5.474128
6.588655
16.988770
-8.469013
6.588655
19.838379
-7.626773
25.307650
-0.163330
-7.626772
25.315218
19.838379
-8.769014
25.307650
-0.163330
-7.626772
25.315218
-0.163330
-7.626772
25.015169
19.538330
-7.626773
25.007601
19.538330
-8.769014
25.007601
-0.163330
-8.769014
25.315218
-0.163330
-8.769014
25.015169
-0.163330
-7.626772
25.015169
-5.168457
-7.626773
25.015169
-0.163330
-7.626772
25.015169
-0.163330
-8.769014
25.015169
-5.168457
-7.626773
25.315218
-0.163330
-7.626772
25.315218
-5.168457
-7.626773
25.315218
-0.163330
-8.769014
25.315218
-5.168457
-8.769014
25.015169
-5.168457
-7.626773
25.015169
-5.168457
-8.769014
25.315218
-5.168457
-7.626773
25.315218
-5.168457
-7.626773
25.015169
-5.168457
-8.769014
25.015169
-5.168457
-8.769014
25.315218
-15.169678
-8.769014
25.313997
-15.169678
-8.769014
25.013948
-15.169678
-7.626772
25.013948
-15.169678
-7.626772
25.313997
-19.871338
-7.626772
25.016878
-15.169678
-7.626772
25.013948
-15.169678
-8.769014
25.013948
-20.171387
-7.626772
25.316927
-15.169678
-7.626772
25.313997
-15.169678
-7.626772
25.013948
-15.169678
-7.626772
25.313997
-20.171387
-7.626772
25.316927
-15.169678
-8.769014
25.313997
-19.871338
-8.769013
25.016878
-20.163086
-8.469013
6.588655
-17.501465
-8.469013
6.588655
-17.501465
-5.474127
6.588655
-19.871338
-7.626772
25.016878
-20.165039
-8.769014
25.314486
-20.163086
-5.474128
6.588655
-19.863281
-8.769013
6.588655
-19.863281
-7.626771
6.588655
-19.863281
-7.626770
11.854768
-19.863281
-8.769012
11.854768
-19.863281
-7.626770
14.699494
-19.863281
-8.769011
14.699494
-19.863281
-7.626769
18.033236
-19.863281
-8.769011
18.033236
-19.871338
-8.769013
25.016878
-19.871338
-7.626772
25.016878
-20.163330
-7.626770
11.854768
-19.863281
-7.626770
11.854768
-19.863281
-7.626771
6.588655
-20.163330
-7.626770
14.699494
-19.863281
-7.626770
14.699494
-20.163330
-7.626769
18.033236
-19.863281
-7.626769
18.033236
-20.163330
-7.626771
6.588655
-20.163086
-5.474133
-13.412078
-20.163086
-8.469016
-13.412078
-20.163086
-8.469016
-8.869597
-20.163086
-5.474131
-8.869597
-20.163086
-5.474129
4.320832
-20.163086
-8.469013
4.320832
-20.163086
-8.469013
6.588655
-20.163086
-5.474128
6.588655
-20.163330
-7.626771
6.588655
-20.163330
-8.769013
6.588655
-20.163330
-8.769012
11.854768
-20.163330
-7.626770
11.854768
-20.163330
-8.769011
14.699494
-20.163330
-7.626770
14.699494
-20.163330
-8.769011
18.033236
-20.163330
-7.626769
18.033236
-20.165039
-8.769014
25.314486
-20.171387
-7.626772
25.316927
-2.966309
-5.972100
4.573274
-2.966309
-5.474128
4.573274
-4.575439
-5.474128
4.573274
-2.966309
-8.469014
2.424592
-2.966309
-5.474129
2.424592
-6.109619
-5.474129
2.424592
-4.609684
-5.975879
4.573264
-4.609684
-5.975879
4.390891
-4.609684
-8.469013
4.390892
-4.609684
-8.469013
4.573265
-4.609684
-5.975879
4.573264
-6.109619
-8.469014
2.424592
-6.109619
-5.474128
4.573274
-6.109619
-5.975879
4.390901
-4.609684
-5.975879
4.390891
-6.109619
-5.975879
4.573274
20.864502
-5.186116
-6.575408
20.864502
-2.239255
-6.575408
20.864502
-2.239254
2.039582
20.864502
-5.186114
2.039582
20.864502
-2.239255
-6.575408
20.864502
-5.186116
-6.575408
19.557861
-5.186116
-6.575408
20.864502
-2.239254
2.039582
20.864502
-2.239255
-6.575408
19.557861
-2.239255
-6.575408
20.864502
-5.186116
-6.575408
20.864502
-5.186114
2.039582
19.557617
-5.186114
2.039582
20.864502
-5.186114
2.039582
20.864502
-2.239254
2.039582
19.557617
-2.239254
2.039582
19.557861
-2.239255
-6.575408
19.557861
-5.186116
-6.575408
19.557617
-2.239254
2.039582
19.557617
-5.186114
2.039582
-0.287109
-5.186114
6.382844
-0.287109
-2.239253
6.382843
-0.287109
-2.239253
7.689728
-0.287109
-5.186113
7.689729
-8.902100
-5.186114
6.382844
-0.287109
-5.186114
6.382844
-0.287109
-5.186113
7.689729
-8.902100
-2.239253
7.689728
-0.287109
-2.239253
7.689728
-0.287109
-2.239253
6.382843
-0.287109
-5.186113
7.689729
-0.287109
-2.239253
7.689728
-8.902100
-2.239253
7.689728
-8.902100
-2.239253
6.382843
-8.902100
-5.186113
7.689729
-8.902100
-5.186113
7.689729
-8.902100
-2.239253
6.382843
-8.902100
-5.186114
6.382844
-8.902100
-5.186113
7.689729
-8.902100
-2.239253
7.689728
-19.582031
-2.239255
-6.575653
-19.582031
-5.186116
-6.575652
-20.888916
-5.186116
-6.575652
-19.582031
-2.239254
2.039337
-19.582031
-2.239255
-6.575653
-20.888916
-2.239255
-6.575653
-19.582031
-5.186116
-6.575652
-19.582031
-5.186114
2.039338
-20.888916
-5.186114
2.039338
-19.582031
-5.186114
2.039338
-19.582031
-2.239254
2.039337
-20.888916
-2.239254
2.039337
-20.888916
-2.239255
-6.575653
-20.888916
-5.186116
-6.575652
-20.888916
-2.239254
2.039337
-20.888916
-5.186114
2.039338
-20.888916
-2.239255
-6.575653
-20.888916
-5.186116
-6.575652
-20.888916
-5.186114
2.039338
-20.888916
-2.239254
2.039337
19.062988
1.258716
4.066925
19.062988
1.258715
1.161163
19.062988
2.944963
1.161162
19.062988
2.944964
4.066925
18.889648
2.944964
3.995147
19.062988
2.944964
4.066925
19.062988
2.944963
1.161162
18.889648
2.944963
1.233185
18.035889
2.944964
5.094268
18.035889
2.944964
5.094268
18.889648
2.944964
3.995147
18.889648
2.944963
1.233185
17.832275
5.555354
1.671172
18.035889
1.258716
5.094269
17.008545
2.944963
-0.893281
17.008545
2.944963
-0.893281
17.913086
2.944964
4.971710
17.913086
2.944964
4.971710
17.978760
5.044885
3.703643
18.009033
6.208289
5.067656
18.406982
6.208289
4.669707
18.354736
7.270911
5.028838
18.162598
7.270911
5.220977
18.011719
8.722489
5.070097
17.751221
5.517247
4.809600
18.308594
5.517246
4.252471
18.406982
6.208289
4.669707
18.308594
5.517246
4.252471
17.486572
6.229753
3.433379
17.970459
7.270911
5.413115
18.354736
7.270911
5.028838
16.959229
7.560531
3.597442
18.011719
8.722489
5.070097
17.277100
7.918344
4.009551
17.312012
5.044885
4.370391
17.978760
5.044885
3.703643
17.611328
6.208289
5.465362
16.498535
5.555353
0.337432
17.312012
5.044885
4.370391
17.885010
8.775245
4.943388
17.321533
6.229753
1.629668
17.008545
1.258716
6.121368
17.008545
1.258715
-0.893280
16.951172
7.918344
4.335479
17.970459
7.270911
5.413115
16.936768
2.944964
5.948029
16.936523
2.944963
-0.719940
17.194092
5.517247
5.366973
16.498779
7.230877
3.004668
16.936523
2.944963
-0.719940
17.277100
7.918344
4.009551
17.114014
7.918344
4.172392
17.885010
8.775245
4.943388
16.538818
7.560531
4.017608
17.611328
6.208289
5.465362
17.008545
2.944964
6.121367
17.008545
2.944964
6.121367
16.951172
7.918344
4.335479
16.645264
5.044885
5.037383
16.540039
6.229753
0.848174
16.936768
2.944964
5.948029
16.375000
6.229754
4.544951
17.194092
5.517247
5.366973
16.645264
5.044885
5.037383
16.749023
7.560531
3.807403
16.222412
7.230877
1.947295
16.959229
7.560531
3.597442
16.538818
7.560531
4.017608
16.749023
7.560531
3.807403
16.959229
7.560531
3.597442
16.527100
8.329566
3.407743
15.946289
7.230877
3.557158
16.530518
8.101104
3.588897
16.393799
8.329564
3.541044
16.538818
7.560531
4.017608
16.527100
8.329566
3.407743
15.579834
7.544608
2.323272
16.102539
8.714866
3.160918
15.917969
8.650300
2.976348
16.102539
8.714866
3.160918
15.722168
7.230877
2.180694
16.393799
8.329564
3.541044
15.866455
8.102985
2.748809
15.264893
7.544608
2.638213
14.612549
5.555354
4.890655
14.102783
2.944963
-0.893281
14.102783
2.944964
6.121367
15.749268
8.102985
2.866240
14.102783
2.944964
6.121367
14.102783
2.944963
-0.893281
14.612549
5.555353
0.337432
15.165039
7.230877
1.670928
14.750000
6.229753
0.669219
14.571289
6.229753
4.380156
15.866455
8.102985
2.748809
15.749268
8.102985
2.866240
15.917969
8.650300
2.976348
14.888916
7.230877
3.280791
15.422363
7.544608
2.480742
15.579834
7.544608
2.323272
15.264893
7.544608
2.638213
15.122314
7.230877
2.780547
15.422363
7.544608
2.480742
15.579834
7.544608
2.323272
15.188965
8.014837
2.114043
15.100098
8.014835
2.202910
15.264893
7.544608
2.638213
14.174561
2.944964
5.948029
14.174561
2.944963
-0.719940
15.188965
8.014837
2.114043
14.682373
7.241472
1.394805
14.102783
1.258715
-0.893280
14.174561
2.944964
5.948029
14.102783
1.258716
6.121368
14.174561
2.944963
-0.719940
14.817871
8.138277
1.876250
14.612549
7.230877
2.223418
14.817871
8.138277
1.876250
14.805176
7.686284
1.648711
14.336426
7.241472
1.740752
15.100098
8.014835
2.202910
14.661865
7.686287
1.792022
14.670898
8.077349
1.729278
14.509521
7.241472
1.567901
14.423096
6.735737
0.872832
14.180420
6.229753
1.238799
13.945801
5.555353
1.004180
13.789551
6.229753
3.598418
13.891846
7.224808
0.950225
14.140137
6.559528
1.198760
14.118896
6.735737
1.177276
13.610840
6.229753
1.808379
13.814453
6.735737
1.481475
13.279053
5.555354
3.557158
13.197998
2.944963
0.256622
13.075439
2.944963
0.133820
13.075439
2.944963
0.133820
13.279053
5.555354
1.670928
13.197998
2.944963
0.256622
12.048340
2.944964
4.066925
12.048340
2.944964
4.066925
13.075439
1.258715
0.133820
12.221680
2.944964
3.995147
12.221680
2.944963
1.232941
12.221680
2.944963
1.232941
12.221680
2.944964
3.995147
12.048340
1.258716
4.066925
12.048340
1.258715
1.161163
12.048340
2.944963
1.161162
12.048340
2.944963
1.161162
-12.101807
1.258716
4.062286
-12.101807
1.258715
1.156769
-12.101807
2.944963
1.156769
-12.101807
2.944964
4.062285
-12.275146
2.944964
3.990509
-12.101807
2.944964
4.062285
-12.101807
2.944963
1.156769
-12.275391
2.944963
1.228546
-13.129150
2.944963
0.129425
-13.129150
2.944963
0.129425
-12.275146
2.944964
3.990509
-12.275391
2.944963
1.228546
-13.332764
5.555354
1.666533
-13.129150
1.258715
0.129425
-14.156494
1.258716
6.116974
-14.228271
2.944964
5.943634
-13.251709
2.944963
0.251984
-13.251709
2.944963
0.251984
-13.332764
5.555354
3.552520
-14.228271
2.944964
5.943634
-13.664551
6.229753
1.803740
-14.156494
1.258715
-0.897919
-14.156494
2.944964
6.116973
-14.156494
2.944964
6.116973
-13.999512
5.555353
0.999785
-14.228271
2.944963
-0.724579
-13.843262
6.229753
3.593780
-14.156494
2.944963
-0.897919
-14.156494
2.944963
-0.897919
-13.868164
6.735737
1.477080
-14.234131
6.229753
1.234160
-14.666260
5.555354
4.886260
-14.666260
5.555353
0.332793
-14.390137
7.241475
1.736114
-14.172607
6.735737
1.172637
-13.945557
7.224808
0.945830
-14.228271
2.944963
-0.724579
-14.666260
7.230877
2.218780
-14.193848
6.559528
1.194121
-14.476807
6.735737
0.868438
-14.562988
7.241472
1.563262
-14.803711
6.229753
0.664580
-14.625000
6.229753
4.375518
-14.736084
7.241472
1.390410
-14.942627
7.230877
3.276397
-14.644043
7.686284
1.858916
-14.787354
7.686287
1.715850
-15.109375
8.014835
2.242705
-14.724609
8.077349
1.724639
-14.871582
8.138277
1.871856
-15.318604
7.544608
2.633574
-15.198242
8.014835
2.153838
-15.218506
7.230877
1.666533
-15.175781
7.230877
2.775908
-15.109375
8.014835
2.242705
-14.871582
8.138277
1.871856
-15.198242
8.014835
2.153838
-17.062012
1.258715
-0.897919
-16.990234
2.944963
-0.724579
-16.990479
2.944964
5.943634
-17.062256
1.258716
6.116974
-15.633301
7.544608
2.318633
-15.476074
7.544608
2.476104
-16.990234
2.944963
-0.724579
-16.990479
2.944964
5.943634
-15.318604
7.544608
2.633574
-16.698975
5.044885
5.032744
-16.428711
6.229754
4.540557
-16.552246
5.555353
0.332793
-16.000000
7.230877
3.552520
-15.633301
7.544608
2.318633
-15.744141
8.102985
2.920439
-15.318604
7.544608
2.633574
-15.476074
7.544608
2.476104
-16.593750
6.229753
0.843535
-15.775635
7.230877
2.176055
-15.633301
7.544608
2.318633
-15.861572
8.102985
2.803008
-16.276123
7.230877
1.942656
-15.744141
8.102985
2.920439
-16.403076
8.329566
3.580840
-15.971680
8.650300
2.971953
-16.592529
7.560531
4.013213
-16.552490
7.230877
3.000030
-16.536377
8.329564
3.447539
-15.861572
8.102985
2.803008
-15.971680
8.650300
2.971953
-17.062012
2.944963
-0.897919
-17.062256
2.944964
6.116973
-17.062012
2.944963
-0.897919
-17.062256
2.944964
6.116973
-16.156250
8.714866
3.156280
-16.403076
8.329566
3.580840
-16.156250
8.714866
3.156280
-16.536377
8.329564
3.447539
-17.012939
7.560531
3.592803
-16.584229
8.101104
3.584502
-16.802734
7.560531
3.803008
-16.592529
7.560531
4.013213
-17.665039
6.208289
5.460723
-17.375244
6.229753
1.625274
-17.012939
7.560531
3.592803
-17.540283
6.229753
3.428985
-17.247803
5.517247
5.362334
-17.004639
7.918344
4.330840
-16.592529
7.560531
4.013213
-16.802734
7.560531
3.803008
-17.167725
7.918344
4.167997
-17.885986
5.555354
1.666533
-17.012939
7.560531
3.592803
-17.330566
7.918344
4.004911
-17.365723
5.044885
4.365996
-16.698975
5.044885
5.032744
-17.247803
5.517247
5.362334
-17.004639
7.918344
4.330840
-18.024170
7.270911
5.408721
-17.966797
2.944964
4.967072
-18.460693
6.208289
4.665069
-17.365723
5.044885
4.365996
-17.938477
8.775245
4.938750
-18.089355
2.944964
5.089630
-18.089355
2.944964
5.089630
-17.804932
5.517247
4.805205
-18.943359
2.944963
1.228546
-17.665039
6.208289
5.460723
-18.408447
7.270911
5.024444
-17.330566
7.918344
4.004911
-18.032471
5.044885
3.699004
-18.943359
2.944963
1.228546
-17.938477
8.775245
4.938750
-18.065186
8.722489
5.065459
-17.966797
2.944964
4.967072
-19.116699
1.258715
1.156769
-18.089355
1.258716
5.089630
-18.062744
6.208289
5.063018
-18.362305
5.517246
4.248076
-18.024170
7.270911
5.408721
-18.032471
5.044885
3.699004
-18.362305
5.517246
4.248076
-18.216309
7.270911
5.216582
-18.065186
8.722489
5.065459
-18.460693
6.208289
4.665069
-18.408447
7.270911
5.024444
-18.943359
2.944964
3.990509
-18.943359
2.944964
3.990509
-19.116699
2.944963
1.156769
-19.116699
2.944963
1.156769
-19.116699
1.258716
4.062286
-19.116699
2.944964
4.062285
-19.116699
2.944964
4.062285